{
 "cells": [
  {
   "cell_type": "code",
   "execution_count": 1,
   "metadata": {},
   "outputs": [],
   "source": [
    "import numpy as np\n",
    "import pandas as pd"
   ]
  },
  {
   "cell_type": "code",
   "execution_count": 2,
   "metadata": {},
   "outputs": [],
   "source": [
    "X_train = pd.read_csv(\"/datasets/sberbank-russian-housing-market/train.csv\")\n",
    "df_macro = pd.read_csv(\"/datasets/sberbank-russian-housing-market/macro.csv\")"
   ]
  },
  {
   "cell_type": "code",
   "execution_count": 3,
   "metadata": {},
   "outputs": [],
   "source": [
    "y_train = X_train[[\"price_doc\"]]\n",
    "X_train = X_train.drop(\"price_doc\", axis = 1)"
   ]
  },
  {
   "cell_type": "code",
   "execution_count": 4,
   "metadata": {},
   "outputs": [],
   "source": [
    "X_train_sample = X_train[[\"full_sq\", \"life_sq\",\"floor\"]].fillna(0).sample(5)\n",
    "y_train_sample = y_train.loc[X_train_sample.index]"
   ]
  },
  {
   "cell_type": "markdown",
   "metadata": {},
   "source": [
    "## Neural Network"
   ]
  },
  {
   "cell_type": "code",
   "execution_count": 145,
   "metadata": {},
   "outputs": [],
   "source": [
    "class NeuralNetwork():\n",
    "    def fit(self, X, y, n_hidden, nodes, activations, lr):\n",
    "        self._lr = lr\n",
    "        self._X = X.values\n",
    "        self._y = y.values\n",
    "        self._n_hidden = n_hidden\n",
    "        self._nodes = nodes\n",
    "        self._weights = self._generate_weights()\n",
    "        self._biases = self._generate_bias()\n",
    "        self._activations = activations\n",
    "        self._forward_inputs = []\n",
    "        \n",
    "        self._train()\n",
    "        \n",
    "    def _activation(self, data, activation = \"relu\"):\n",
    "        if activation == \"relu\":\n",
    "            def relu(data):\n",
    "                return np.array([max(0,i) for i in data]).reshape(data.shape)\n",
    "            return np.apply_along_axis(relu, 1, data)\n",
    "        if activation == \"sigmoid\":\n",
    "            def sigmoid(data):\n",
    "                return (1/(1 + np.exp(-data))).reshape(data.shape)\n",
    "            return np.apply_along_axis(sigmoid, 1, data)\n",
    "    \n",
    "    def _der_activation(self, points, activation = \"relu\"):\n",
    "        if activation == \"relu\":\n",
    "            def d_relu(point):\n",
    "                return np.array([0 if y <= 0 else 1 for y in point])\n",
    "            return np.apply_along_axis(d_relu, 1, points)\n",
    "        if activation == \"sigmoid\":\n",
    "            ## todo\n",
    "            return\n",
    "    \n",
    "    def _loss_function(self, ypred, loss = \"l2\"):\n",
    "        if loss == \"mse\":\n",
    "            return ((ypred - self._y) ** 2).mean()\n",
    "        if loss == \"l2\":\n",
    "            return (((ypred - self._y) ** 2)/2)\n",
    "    \n",
    "    def _loss_jacobian(self, ypred, loss = \"l2\"):\n",
    "        if loss == \"l2\":\n",
    "            return (ypred - self._y)/(len(ypred))\n",
    "    \n",
    "    def _generate_weights(self):\n",
    "        hidden_weights = []\n",
    "        nodes = self._nodes\n",
    "        for idx in range(1,len(nodes)):\n",
    "            hidden_weights.append(0.01 * np.random.randn(nodes[idx -1], nodes[idx]))\n",
    "\n",
    "        return hidden_weights\n",
    "    \n",
    "    def _generate_bias(self):\n",
    "        hidden_layers = []\n",
    "        nodes = self._nodes\n",
    "        for i in range(self._n_hidden + 1):\n",
    "            hidden_layers.append(np.zeros((nodes[i + 1], 1)))\n",
    "        return hidden_layers\n",
    "    \n",
    "    def _forward_propagation(self):\n",
    "        \"\"\"\n",
    "        Suppose 2 observations\n",
    "        \n",
    "        Suppose previous layer is 3 nodes\n",
    "        Suppose current layer is 2 nodes\n",
    "        \n",
    "        prev shape (2,3)\n",
    "        prev = ob1 [prev_node_1 val, prev_node_2 val, prev_node_3 val]\n",
    "               ob2 [prev_node_1 val, prev_node_2 val, prev_node_3 val]\n",
    "               \n",
    "        layer shape (3,2)\n",
    "        layer = [weight for current_node_1 for prev_node_1, weight for current_node_2 for prev_node_1]\n",
    "                [weight for current_node_1 for prev_node_2, weight for current_node_2 for prev_node_2]\n",
    "                [weight for current_node_1 for prev_node_3, weight for current_node_2 for prev_node_3]\n",
    "                \n",
    "        output shape (2,2) # since 2 observations and 2 layers\n",
    "        output = ob1 [current_node_1 val, current_node_2 val]\n",
    "                 ob2 [current_node_1 val, current_node_2 val]\n",
    "                 \n",
    "        Then for bias in current layer it is (2,1) since 2 nodes in current layer\n",
    "        \n",
    "        So for each row in output we add the bias row wise and apply the activation function to each row\n",
    "        \n",
    "        prev <- ouput\n",
    "        \n",
    "        Move onto next layer...\n",
    "        \"\"\"\n",
    "        prev = self._X\n",
    "        weights = self._weights\n",
    "        biases = self._biases\n",
    "        activations = self._activations[1:-1]\n",
    "    \n",
    "        for idx, layer in enumerate(weights):\n",
    "            if idx == (len(weights) - 1):\n",
    "                self._forward_inputs.append((prev, None))\n",
    "                prev = (prev @ layer) + biases[idx].T,\n",
    "            else:\n",
    "                weight_output = (prev @ layer) + biases[idx].T\n",
    "                self._forward_inputs.append((prev, weight_output))\n",
    "                prev = self._activation(data = weight_output, activation = activations[idx])\n",
    "\n",
    "        return prev\n",
    "    \n",
    "    def _backward_propagation(self, ypred):\n",
    "        loss = self._loss_function(ypred)\n",
    "        print(\"\\nloss\\n\")\n",
    "        print(loss)\n",
    "        j = self._loss_jacobian(ypred)\n",
    "        print(\"\\nj\\n\")\n",
    "        print(j)\n",
    "                \n",
    "        for i in range(len(self._forward_inputs)-1, -1, -1):\n",
    "            if i != (len(self._forward_inputs) - 1):\n",
    "                # activation func on all layers except the last\n",
    "                der_acti = self._der_activation(self._forward_inputs[i][1])\n",
    "                j = np.multiply(j,der_acti)\n",
    "\n",
    "            x = self._forward_inputs[i][0]\n",
    "            print(\"\\nx:\")\n",
    "            print(x)\n",
    "            jw = x.T.dot(j)\n",
    "            print(\"\\nweights before:\")\n",
    "            print(self._weights[i])\n",
    "            self._weights[i] -= self._lr * jw\n",
    "            print(\"\\nweights after:\")\n",
    "            print(self._weights[i])\n",
    "            # todo: update bias\n",
    "            j = j.dot(self._weights[i].T)\n",
    "            \n",
    "        self._forward_inputs = []\n",
    "        \n",
    "    \n",
    "    def _train(self):\n",
    "        for i in range(0, 5):\n",
    "            out = self._forward_propagation()\n",
    "            print(\"\\npredictions\\n\")\n",
    "            print(out)\n",
    "            self._backward_propagation(out[0])\n",
    "\n",
    "        \n",
    "        "
   ]
  },
  {
   "cell_type": "code",
   "execution_count": 147,
   "metadata": {},
   "outputs": [
    {
     "name": "stdout",
     "output_type": "stream",
     "text": [
      "\n",
      "predictions\n",
      "\n",
      "(array([[0.00841822],\n",
      "       [0.01694096],\n",
      "       [0.00796117],\n",
      "       [0.01076127],\n",
      "       [0.00590011]]),)\n",
      "\n",
      "loss\n",
      "\n",
      "[[4.04999999e+13]\n",
      " [2.39410962e+14]\n",
      " [3.22404499e+13]\n",
      " [6.61249999e+13]\n",
      " [2.52050000e+13]]\n",
      "\n",
      "j\n",
      "\n",
      "[[-1799999.99831636]\n",
      " [-4376399.99661181]\n",
      " [-1605999.99840777]\n",
      " [-2299999.99784775]\n",
      " [-1419999.99881998]]\n",
      "\n",
      "x:\n",
      "[[0.72052086 0.         0.        ]\n",
      " [1.44998765 0.         0.        ]\n",
      " [0.68140112 0.         0.        ]\n",
      " [0.83099189 0.13024594 0.        ]\n",
      " [0.50499384 0.         0.        ]]\n",
      "\n",
      "weights before:\n",
      "[[ 0.01168352]\n",
      " [ 0.00807974]\n",
      " [-0.00049087]]\n",
      "\n",
      "weights after:\n",
      "[[ 1.14822015e+00]\n",
      " [ 3.80363045e-02]\n",
      " [-4.90870544e-04]]\n",
      "\n",
      "x:\n",
      "[[ 52.  30.  11.]\n",
      " [108.  64.  19.]\n",
      " [ 48.  28.  11.]\n",
      " [ 66.  43.   6.]\n",
      " [ 34.  13.  13.]]\n",
      "\n",
      "weights before:\n",
      "[[ 0.00530963 -0.00228539 -0.01795254]\n",
      " [ 0.00894061  0.0095705  -0.01983581]\n",
      " [ 0.01601835 -0.02174161  0.02088574]]\n",
      "\n",
      "weights after:\n",
      "[[ 9.68484015e+01  5.75105707e-01 -1.79525355e-02]\n",
      " [ 5.70086097e+01  3.85749555e-01 -1.98358052e-02]\n",
      " [ 1.75697324e+01  3.07484904e-02  2.08857363e-02]]\n",
      "\n",
      "predictions\n",
      "\n",
      "(array([[ 7969.82756937],\n",
      "       [16585.92293892],\n",
      "       [ 7393.98071179],\n",
      "       [10277.25476002],\n",
      "       [ 4895.08203657]]),)\n",
      "\n",
      "loss\n",
      "\n",
      "[[4.04283033e+13]\n",
      " [2.39048166e+14]\n",
      " [3.21811037e+13]\n",
      " [6.60068644e+13]\n",
      " [2.51702569e+13]]\n",
      "\n",
      "j\n",
      "\n",
      "[[-1798406.03448613]\n",
      " [-4373082.81541222]\n",
      " [-1604521.20385764]\n",
      " [-2297944.549048  ]\n",
      " [-1419020.98359269]]\n",
      "\n",
      "x:\n",
      "[[ 6939.64222636    41.81621681     0.        ]\n",
      " [14442.00330029    87.38360919     0.        ]\n",
      " [ 6438.23140087    38.74429487     0.        ]\n",
      " [ 8948.78311145    54.72869847     0.        ]\n",
      " [ 4262.36409926    24.96806863     0.        ]]\n",
      "\n",
      "weights before:\n",
      "[[ 1.14822015e+00]\n",
      " [ 3.80363045e-02]\n",
      " [-4.90870544e-04]]\n",
      "\n",
      "weights after:\n",
      "[[ 1.12590323e+04]\n",
      " [ 6.81078430e+01]\n",
      " [-4.90870544e-04]]\n",
      "\n",
      "x:\n",
      "[[ 52.  30.  11.]\n",
      " [108.  64.  19.]\n",
      " [ 48.  28.  11.]\n",
      " [ 66.  43.   6.]\n",
      " [ 34.  13.  13.]]\n",
      "\n",
      "weights before:\n",
      "[[ 9.68484015e+01  5.75105707e-01 -1.79525355e-02]\n",
      " [ 5.70086097e+01  3.85749555e-01 -1.98358052e-02]\n",
      " [ 1.75697324e+01  3.07484904e-02  2.08857363e-02]]\n",
      "\n",
      "weights after:\n",
      "[[ 9.48938433e+05  5.74028272e+03 -1.79525355e-02]\n",
      " [ 5.58521860e+05  3.37863667e+03 -1.98358052e-02]\n",
      " [ 1.72005721e+05  1.04041696e+03  2.08857363e-02]]\n",
      "\n",
      "predictions\n",
      "\n",
      "(array([[7.65557963e+11],\n",
      "       [1.59319852e+12],\n",
      "       [7.10242594e+11],\n",
      "       [9.87210187e+11],\n",
      "       [4.70203012e+11]]),)\n",
      "\n",
      "loss\n",
      "\n",
      "[[2.93032608e+23]\n",
      " [1.26910590e+24]\n",
      " [2.52216568e+23]\n",
      " [4.87280624e+23]\n",
      " [1.10542098e+23]]\n",
      "\n",
      "j\n",
      "\n",
      "[[1.53109793e+11]\n",
      " [3.18635328e+11]\n",
      " [1.42046913e+11]\n",
      " [1.97439737e+11]\n",
      " [9.40391824e+10]]\n",
      "\n",
      "x:\n",
      "[[6.79925173e+07 4.11298388e+05 0.00000000e+00]\n",
      " [1.41498859e+08 8.55951203e+05 0.00000000e+00]\n",
      " [6.30797198e+07 3.81579984e+05 0.00000000e+00]\n",
      " [8.76784109e+07 5.30382538e+05 0.00000000e+00]\n",
      " [4.17607653e+07 2.52617310e+05 0.00000000e+00]]\n",
      "\n",
      "weights before:\n",
      "[[ 1.12590323e+04]\n",
      " [ 6.81078430e+01]\n",
      " [-4.90870544e-04]]\n",
      "\n",
      "weights after:\n",
      "[[-8.56954854e+12]\n",
      " [-5.18386876e+10]\n",
      " [-4.90870544e-04]]\n",
      "\n",
      "x:\n",
      "[[ 52.  30.  11.]\n",
      " [108.  64.  19.]\n",
      " [ 48.  28.  11.]\n",
      " [ 66.  43.   6.]\n",
      " [ 34.  13.  13.]]\n",
      "\n",
      "weights before:\n",
      "[[ 9.48938433e+05  5.74028272e+03 -1.79525355e-02]\n",
      " [ 5.58521860e+05  3.37863667e+03 -1.98358052e-02]\n",
      " [ 1.72005721e+05  1.04041696e+03  2.08857363e-02]]\n",
      "\n",
      "weights after:\n",
      "[[ 5.60627846e+19  3.39133522e+17 -1.79525355e-02]\n",
      " [ 3.31433172e+19  2.00489682e+17 -1.98358052e-02]\n",
      " [ 1.00331784e+19  6.06924388e+16  2.08857363e-02]]\n",
      "\n",
      "predictions\n",
      "\n",
      "(array([[-3.44502397e+34],\n",
      "       [-7.17004664e+34],\n",
      "       [-3.19603710e+34],\n",
      "       [-4.44390671e+34],\n",
      "       [-2.11455273e+34]]),)\n",
      "\n",
      "loss\n",
      "\n",
      "[[5.93409506e+68]\n",
      " [2.57047844e+69]\n",
      " [5.10732657e+68]\n",
      " [9.87415343e+68]\n",
      " [2.23566663e+68]]\n",
      "\n",
      "j\n",
      "\n",
      "[[-6.89004793e+33]\n",
      " [-1.43400933e+34]\n",
      " [-6.39207420e+33]\n",
      " [-8.88781342e+33]\n",
      " [-4.22910547e+33]]\n",
      "\n",
      "x:\n",
      "[[4.01992928e+21 2.43172504e+19 0.00000000e+00]\n",
      " [8.36658343e+21 5.06109164e+19 0.00000000e+00]\n",
      " [3.72939151e+21 2.25597370e+19 0.00000000e+00]\n",
      " [5.18550549e+21 3.13680234e+19 0.00000000e+00]\n",
      " [2.46742912e+21 1.49259073e+19 0.00000000e+00]]\n",
      "\n",
      "weights before:\n",
      "[[-8.56954854e+12]\n",
      " [-5.18386876e+10]\n",
      " [-4.90870544e-04]]\n",
      "\n",
      "weights after:\n",
      "[[ 2.28036463e+49]\n",
      " [ 1.37943217e+47]\n",
      " [-4.90870544e-04]]\n",
      "\n",
      "x:\n",
      "[[ 52.  30.  11.]\n",
      " [108.  64.  19.]\n",
      " [ 48.  28.  11.]\n",
      " [ 66.  43.   6.]\n",
      " [ 34.  13.  13.]]\n",
      "\n",
      "weights before:\n",
      "[[ 5.60627846e+19  3.39133522e+17 -1.79525355e-02]\n",
      " [ 3.31433172e+19  2.00489682e+17 -1.98358052e-02]\n",
      " [ 1.00331784e+19  6.06924388e+16  2.08857363e-02]]\n",
      "\n",
      "weights after:\n",
      "[[ 6.71388922e+78  4.06134820e+76 -1.79525355e-02]\n",
      " [ 3.96920229e+78  2.40103941e+76 -1.98358052e-02]\n",
      " [ 1.20145655e+78  7.26781935e+75  2.08857363e-02]]\n",
      "\n",
      "predictions\n",
      "\n",
      "(array([[1.09784038e+130],\n",
      "       [2.28491013e+130],\n",
      "       [1.01849456e+130],\n",
      "       [1.41616082e+130],\n",
      "       [6.73851421e+129]]),)\n",
      "\n",
      "loss\n",
      "\n",
      "[[6.02626751e+259]\n",
      " [2.61040714e+260]\n",
      " [5.18665583e+259]\n",
      " [1.00275573e+260]\n",
      " [2.27037869e+259]]\n",
      "\n",
      "j\n",
      "\n",
      "[[2.19568076e+129]\n",
      " [4.56982025e+129]\n",
      " [2.03698912e+129]\n",
      " [2.83232164e+129]\n",
      " [1.34770284e+129]]\n",
      "\n",
      "x:\n",
      "[[4.81414330e+80 2.91215890e+78 0.00000000e+00]\n",
      " [1.00195666e+81 6.06100985e+78 0.00000000e+00]\n",
      " [4.46620369e+80 2.70168418e+78 0.00000000e+00]\n",
      " [6.21001126e+80 3.75654367e+78 0.00000000e+00]\n",
      " [2.95490798e+80 1.78747516e+78 0.00000000e+00]]\n",
      "\n",
      "weights before:\n",
      "[[ 2.28036463e+49]\n",
      " [ 1.37943217e+47]\n",
      " [-4.90870544e-04]]\n",
      "\n",
      "weights after:\n",
      "[[-8.70266355e+203]\n",
      " [-5.26439234e+201]\n",
      " [-4.90870544e-004]]\n",
      "\n",
      "x:\n",
      "[[ 52.  30.  11.]\n",
      " [108.  64.  19.]\n",
      " [ 48.  28.  11.]\n",
      " [ 66.  43.   6.]\n",
      " [ 34.  13.  13.]]\n",
      "\n",
      "weights before:\n",
      "[[ 6.71388922e+78  4.06134820e+76 -1.79525355e-02]\n",
      " [ 3.96920229e+78  2.40103941e+76 -1.98358052e-02]\n",
      " [ 1.20145655e+78  7.26781935e+75  2.08857363e-02]]\n",
      "\n",
      "weights after:\n",
      "[[        inf         inf -0.01795254]\n",
      " [        inf         inf -0.01983581]\n",
      " [        inf         inf  0.02088574]]\n"
     ]
    }
   ],
   "source": [
    "INPUT_SIZE = X_train_sample.shape[1]\n",
    "OUTPUT_SIZE = 1\n",
    "LEARNING_RATE = 0.0000001\n",
    "nodes = [INPUT_SIZE,3,OUTPUT_SIZE]\n",
    "activations = [\"relu\" for i in range(len(nodes))]\n",
    "\n",
    "nn = NeuralNetwork()\n",
    "\n",
    "nn.fit(X = X_train_sample,\n",
    "       y = y_train_sample,\n",
    "       n_hidden = len(nodes) - 2,\n",
    "       nodes = nodes,\n",
    "       activations = activations,\n",
    "       lr = LEARNING_RATE)"
   ]
  },
  {
   "cell_type": "code",
   "execution_count": null,
   "metadata": {},
   "outputs": [],
   "source": []
  },
  {
   "cell_type": "code",
   "execution_count": null,
   "metadata": {},
   "outputs": [],
   "source": []
  }
 ],
 "metadata": {
  "kernelspec": {
   "display_name": "Python 3",
   "language": "python",
   "name": "python3"
  },
  "language_info": {
   "codemirror_mode": {
    "name": "ipython",
    "version": 3
   },
   "file_extension": ".py",
   "mimetype": "text/x-python",
   "name": "python",
   "nbconvert_exporter": "python",
   "pygments_lexer": "ipython3",
   "version": "3.7.3"
  }
 },
 "nbformat": 4,
 "nbformat_minor": 4
}
